	1	2	3	0.074	0.246	0.681
	2	1	2	0.226	0.498	0.276
	3	3	3	0.016	0.11	0.874
	4	3	3	0.009	0.061	0.929
	5	3	3	0.006	0.071	0.923
	6	3	3	0.008	0.072	0.919
	7	3	3	0.028	0.192	0.78	
	8	3	3	0.021	0.12	0.859
	9	1	2	0.297	0.479	0.225
	10	3	3	0	0.007	0.992
	11	3	3	0	0.008	0.992
	12	3	3	0	0.007	0.992
	13	3	3	0.003	0.041	0.956
	14	3	3	0.192	0.238	0.569
	15	3	3	0.002	0.022	0.976
	16	3	3	0.001	0.016	0.983
	17	1	1	0.698	0.268	0.034
	18	3	3	0.007	0.098	0.895
	19	3	3	0.002	0.021	0.977
	20	3	3	0.095	0.38	0.526
	21	2	2	0.384	0.516	0.1	
	22	3	3	0.002	0.032	0.966
	23	3	3	0.001	0.024	0.975
	24	3	3	0.024	0.129	0.847
	25	3	3	0.006	0.05	0.945
	26	3	3	0.102	0.324	0.574
	27	1	2	0.173	0.449	0.378
	28	3	3	0.006	0.071	0.923
	29	3	3	0.003	0.029	0.968
	30	3	3	0.024	0.155	0.821
	31	3	3	0.093	0.401	0.506
	32	2	3	0.001	0.028	0.97	
	33	3	3	0	0.01	0.99	
	34	2	3	0.001	0.01	0.989
	35	2	3	0.001	0.011	0.988
	36	3	3	0.001	0.011	0.988
	37	3	3	0.058	0.187	0.755
	38	3	3	0.004	0.043	0.953
	39	3	3	0.001	0.029	0.97	
	40	3	3	0.001	0.011	0.988
	41	3	3	0.047	0.241	0.713
	42	3	3	0.018	0.099	0.883
	43	3	3	0	0.008	0.991
	44	3	3	0	0.008	0.991
	45	3	3	0.006	0.049	0.944
	46	3	3	0.003	0.036	0.961
	47	2	3	0.153	0.413	0.434
	48	2	3	0.035	0.232	0.733
	49	2	3	0.131	0.33	0.539
	50	3	3	0.009	0.078	0.913
	51	3	3	0.002	0.028	0.97	
	52	3	1	0.585	0.368	0.047
	53	2	3	0.01	0.072	0.917
	54	2	3	0.071	0.253	0.675
	55	3	3	0.001	0.019	0.98	
	56	2	3	0.016	0.116	0.869
	57	3	3	0.066	0.298	0.636
	58	3	3	0.085	0.374	0.541
	59	3	2	0.114	0.476	0.41	
	60	3	3	0.002	0.027	0.971
	61	3	3	0.084	0.282	0.634
	62	3	3	0.003	0.029	0.968
	63	2	3	0.007	0.063	0.93	
	64	1	1	0.816	0.164	0.02	
	65	3	3	0.001	0.017	0.982
	66	3	3	0.004	0.048	0.947
	67	3	3	0.004	0.057	0.939
	68	3	3	0.005	0.065	0.93	
	69	3	3	0.063	0.212	0.725
	70	3	2	0.181	0.418	0.401
	71	3	3	0.024	0.151	0.825
	72	1	3	0.163	0.374	0.462
	73	3	3	0.001	0.015	0.984
	74	3	3	0.001	0.013	0.986
	75	2	1	0.548	0.304	0.148
	76	3	3	0.007	0.061	0.932
	77	3	3	0.013	0.136	0.851
	78	2	2	0.358	0.523	0.119
	79	2	2	0.106	0.456	0.438
	80	3	3	0.071	0.311	0.618
	81	3	3	0.009	0.064	0.927
	82	3	3	0.009	0.063	0.928
	83	3	3	0.107	0.336	0.557
	84	1	1	0.438	0.402	0.16	
	85	3	3	0.008	0.061	0.931
	86	3	3	0.009	0.064	0.928
	87	3	3	0.016	0.121	0.863
	88	3	3	0.014	0.126	0.86	
	89	3	3	0.001	0.016	0.983
	90	3	3	0.007	0.054	0.939
	91	2	2	0.299	0.447	0.254
	92	3	3	0.002	0.028	0.969
	93	1	1	0.516	0.399	0.084
	94	3	3	0.074	0.214	0.712
	95	3	3	0.003	0.038	0.959
	96	3	3	0.003	0.031	0.966
	97	3	3	0.018	0.121	0.862
	98	2	3	0.029	0.165	0.806
	99	2	3	0.026	0.141	0.833
	100	3	3	0.052	0.231	0.717
	101	3	3	0.003	0.042	0.955
	102	3	3	0.002	0.023	0.976
	103	3	3	0.002	0.022	0.977
	104	3	3	0.014	0.111	0.875
	105	3	3	0.033	0.146	0.821
	106	3	3	0.006	0.068	0.925
	107	3	3	0.006	0.053	0.941
	108	3	3	0	0.002	0.998
	109	3	3	0.001	0.01	0.989
	110	3	3	0	0.002	0.998
	111	3	3	0.009	0.068	0.923
	112	3	3	0.043	0.258	0.699
	113	3	3	0.001	0.014	0.985
	114	1	3	0.099	0.392	0.509
	115	3	3	0.039	0.148	0.813
	116	3	3	0.001	0.012	0.987
	117	3	3	0.002	0.026	0.971
	118	3	3	0.001	0.012	0.987
	119	3	3	0.001	0.023	0.976
	120	3	3	0.002	0.018	0.98	
	121	3	3	0.074	0.217	0.709
	122	3	3	0.012	0.108	0.879
	123	3	3	0.001	0.016	0.982
	124	3	3	0.001	0.016	0.982
	125	3	3	0.001	0.016	0.983
	126	3	3	0.001	0.016	0.983
	127	3	3	0.001	0.017	0.982
	128	3	3	0.001	0.016	0.983
	129	3	3	0.002	0.034	0.964
	130	3	3	0.001	0.016	0.983
	131	3	3	0.002	0.033	0.965
	132	3	3	0.002	0.018	0.98	
	133	3	3	0.001	0.016	0.982
	134	3	3	0.002	0.022	0.977
	135	3	3	0.001	0.021	0.978
	136	3	3	0.003	0.037	0.96	
	137	3	3	0.002	0.018	0.98	
	138	3	3	0.033	0.181	0.786
	139	2	2	0.2	0.491	0.309
	140	3	3	0	0.008	0.992
	141	2	3	0.216	0.37	0.415
	142	3	3	0.015	0.094	0.891
	143	3	3	0.018	0.1	0.882
	144	3	3	0.023	0.128	0.849
	145	3	3	0.003	0.037	0.96	
	146	3	3	0	0.008	0.992
	147	3	3	0.001	0.015	0.984
	148	3	3	0.002	0.028	0.97	
	149	3	3	0.001	0.01	0.99	
	150	1	3	0.068	0.344	0.587
	151	3	3	0.017	0.081	0.902
	152	3	3	0.093	0.247	0.66	
	153	2	3	0.111	0.236	0.653
	154	1	1	0.644	0.289	0.067
	155	1	1	0.57	0.337	0.093
	156	3	3	0.001	0.021	0.978
	157	3	3	0.002	0.022	0.976
	158	3	3	0.003	0.05	0.947
	159	2	3	0.066	0.255	0.679
	160	2	3	0.025	0.148	0.827
	161	3	3	0.004	0.055	0.941
	162	3	3	0.003	0.03	0.967
	163	3	3	0.019	0.143	0.838
	164	3	3	0.003	0.041	0.956
	165	3	3	0.004	0.046	0.95	
	166	3	3	0.005	0.066	0.93	
	167	3	3	0.004	0.044	0.952
	168	2	2	0.226	0.399	0.375
	169	1	1	0.53	0.393	0.077
	170	3	3	0.014	0.109	0.877
	171	1	1	0.682	0.281	0.037
	172	1	2	0.423	0.428	0.149
	173	3	3	0.002	0.019	0.979
	174	3	3	0.001	0.019	0.98	
	175	3	3	0.002	0.031	0.966
	176	2	2	0.275	0.458	0.267
	177	3	3	0.004	0.042	0.954
	178	1	1	0.48	0.405	0.115
	179	2	3	0.144	0.409	0.447
	180	3	2	0.138	0.505	0.358
	181	2	3	0.031	0.155	0.814
	182	1	2	0.341	0.444	0.216
	183	3	3	0.023	0.137	0.841
	184	3	2	0.184	0.479	0.338
	185	3	3	0.001	0.015	0.984
	186	3	3	0.002	0.039	0.959
	187	3	3	0.001	0.016	0.983
	188	3	3	0.001	0.018	0.981
	189	3	3	0.006	0.056	0.938
	190	1	2	0.137	0.49	0.373
	191	2	3	0.097	0.43	0.473
	192	3	3	0.022	0.112	0.866
	193	3	3	0.011	0.091	0.898
	194	3	3	0.037	0.259	0.704
	195	3	3	0.022	0.122	0.856
	196	3	3	0	0.005	0.995
	197	3	3	0.018	0.106	0.876
	198	3	3	0.026	0.182	0.792
	199	3	3	0.005	0.058	0.936
	200	3	3	0.006	0.075	0.918
	201	3	3	0.009	0.116	0.875
	202	3	3	0.002	0.031	0.966
	203	3	3	0.002	0.023	0.975
	204	3	3	0.047	0.249	0.705
	205	3	3	0.005	0.058	0.937
	206	3	3	0.004	0.046	0.95	
	207	3	3	0.004	0.04	0.955
	208	3	3	0.006	0.05	0.944
	209	3	3	0.05	0.335	0.615
	210	3	3	0.001	0.01	0.99	
	211	3	3	0.002	0.039	0.958
	212	3	3	0	0.01	0.989
	213	3	3	0.002	0.033	0.965
	214	3	3	0.001	0.009	0.991
	215	3	3	0.063	0.25	0.687
	216	3	3	0.015	0.097	0.888
	217	3	3	0.014	0.127	0.859
	218	3	3	0.021	0.136	0.843
	219	3	3	0.001	0.011	0.988
	220	3	3	0.001	0.022	0.977
	221	3	3	0.002	0.026	0.973
	222	3	3	0.005	0.053	0.942
	223	2	2	0.121	0.48	0.399
	224	3	3	0.001	0.016	0.983
	225	2	2	0.147	0.544	0.309
	226	3	3	0	0.007	0.993
	227	2	3	0.014	0.186	0.8	
	228	3	3	0.017	0.096	0.887
	229	3	3	0.002	0.026	0.972
	230	3	3	0.003	0.05	0.947
	231	3	3	0.001	0.017	0.982
	232	3	3	0.001	0.016	0.983
	233	3	3	0.006	0.049	0.945
	234	3	3	0.003	0.042	0.954
	235	3	3	0.002	0.023	0.975
	236	3	3	0.002	0.027	0.971
	237	2	2	0.146	0.524	0.33	
	238	3	3	0.003	0.033	0.964
	239	3	3	0.006	0.059	0.935
	240	3	3	0.006	0.066	0.928
	241	3	3	0.002	0.029	0.969
	242	3	3	0.002	0.021	0.977
	243	3	3	0.002	0.026	0.972
	244	3	3	0.001	0.018	0.981
	245	3	3	0.002	0.031	0.967
	246	3	3	0.083	0.399	0.519
	247	3	3	0.027	0.136	0.836
	248	3	3	0.008	0.097	0.895
	249	2	2	0.336	0.368	0.297
	250	1	2	0.303	0.601	0.096
	251	2	2	0.122	0.5	0.378
	252	3	3	0	0.008	0.992
	253	3	3	0	0.008	0.991
	254	3	3	0.001	0.02	0.979
	255	3	3	0	0.008	0.991
	256	3	3	0.003	0.045	0.951
	257	3	3	0.159	0.389	0.452
	258	3	3	0	0.009	0.991
	259	3	3	0.009	0.092	0.9	
	260	2	3	0.034	0.145	0.821
	261	1	1	0.623	0.302	0.074
	262	3	3	0.001	0.019	0.98	
	263	3	3	0.001	0.017	0.983
	264	3	3	0.012	0.089	0.899
	265	2	2	0.252	0.521	0.227
	266	2	2	0.12	0.494	0.385
	267	3	3	0.093	0.421	0.486
	268	1	2	0.172	0.58	0.248
	269	2	3	0.052	0.36	0.587
	270	2	3	0.032	0.294	0.674
	271	3	3	0.001	0.019	0.98	
	272	3	3	0.002	0.025	0.973
	273	2	1	0.403	0.401	0.196
	274	3	3	0.004	0.034	0.962
	275	3	3	0.001	0.018	0.981
	276	3	3	0.002	0.035	0.962
	277	1	1	0.563	0.345	0.092
	278	3	3	0.036	0.158	0.806
	279	2	3	0.048	0.255	0.697
	280	3	3	0	0.012	0.988
	281	3	3	0	0.008	0.992
	282	3	3	0	0.006	0.994
	283	3	3	0.006	0.055	0.939
	284	3	3	0.001	0.03	0.969
	285	2	3	0.045	0.127	0.828
	286	3	3	0	0.008	0.992
	287	3	3	0.011	0.081	0.908
	288	3	3	0	0.01	0.99	
	289	3	3	0.003	0.026	0.971
	290	3	3	0.014	0.068	0.918
	291	3	3	0	0.007	0.993
	292	2	3	0.007	0.074	0.919
	293	2	2	0.181	0.472	0.347
	294	3	3	0.017	0.125	0.858
	295	3	3	0.013	0.085	0.902
	296	1	2	0.444	0.445	0.111
	297	1	3	0.079	0.398	0.523
	298	3	3	0.117	0.323	0.561
	299	3	3	0.019	0.109	0.872
	300	2	2	0.384	0.499	0.118
	301	3	3	0.04	0.153	0.808
	302	3	3	0.001	0.026	0.973
	303	3	3	0	0.008	0.991
	304	3	3	0.001	0.01	0.989
	305	2	3	0.007	0.06	0.933
	306	3	3	0.004	0.044	0.951
	307	3	3	0.01	0.068	0.922
	308	3	3	0.001	0.01	0.989
	309	3	3	0.007	0.05	0.943
	310	3	3	0	0.009	0.991
	311	3	3	0.002	0.021	0.978
	312	3	3	0.001	0.009	0.99	
	313	3	3	0.001	0.011	0.988
	314	3	3	0	0.009	0.991
	315	3	3	0	0.009	0.991
	316	3	3	0.029	0.131	0.84	
	317	3	3	0.001	0.013	0.986
	318	3	3	0.001	0.012	0.987
	319	3	3	0.002	0.022	0.976
	320	3	3	0.003	0.04	0.956
	321	3	3	0.001	0.011	0.989
	322	3	3	0.001	0.012	0.987
	323	3	3	0.008	0.074	0.918
	324	3	3	0.001	0.025	0.974
	325	3	3	0.001	0.021	0.977
	326	3	3	0.001	0.012	0.987
	327	3	3	0.086	0.235	0.679
	328	3	3	0.005	0.058	0.937
	329	3	3	0.001	0.012	0.987
	330	3	3	0.001	0.018	0.981
	331	3	3	0.001	0.012	0.987
	332	3	3	0.001	0.017	0.982
	333	3	3	0.001	0.019	0.98	
	334	3	3	0.001	0.012	0.988
	335	3	3	0.001	0.015	0.984
	336	3	3	0.001	0.019	0.98	
	337	3	3	0.001	0.012	0.987
	338	2	3	0.038	0.194	0.768
	339	3	3	0.001	0.024	0.975
	340	3	3	0.002	0.02	0.978
	341	2	3	0.067	0.208	0.725
	342	3	3	0.002	0.019	0.979
	343	3	3	0.003	0.031	0.967
	344	3	3	0.002	0.03	0.968
	345	3	3	0.005	0.048	0.947
	346	3	3	0.005	0.051	0.944
	347	3	3	0.011	0.118	0.872
	348	3	3	0.007	0.054	0.939
	349	3	3	0.011	0.104	0.885
	350	2	2	0.199	0.466	0.335
	351	3	3	0.007	0.057	0.936
	352	1	1	0.474	0.405	0.121
	353	3	3	0.004	0.044	0.952
	354	3	3	0.053	0.215	0.732
	355	3	3	0.003	0.037	0.961
	356	3	3	0.001	0.021	0.978
	357	3	3	0.009	0.066	0.925
	358	3	1	0.452	0.424	0.124
	359	2	2	0.19	0.597	0.213
	360	3	3	0.005	0.048	0.946
	361	3	3	0.006	0.049	0.945
	362	3	3	0.008	0.071	0.921
	363	3	3	0.021	0.248	0.73	
	364	2	3	0.011	0.121	0.869
	365	2	2	0.337	0.557	0.106
	366	2	2	0.198	0.422	0.38	
	367	2	3	0.026	0.15	0.824
	368	3	3	0.001	0.015	0.984
	369	3	3	0.003	0.033	0.964
	370	3	3	0.031	0.301	0.668
	371	1	1	0.729	0.239	0.032
	372	3	3	0.003	0.043	0.954
	373	3	3	0.005	0.044	0.951
	374	3	3	0	0.008	0.992
	375	3	3	0.001	0.025	0.973
	376	3	3	0.002	0.021	0.977
	377	3	3	0.002	0.021	0.978
	378	3	3	0.004	0.065	0.931
	379	2	2	0.288	0.529	0.183
	380	3	3	0	0.01	0.99	
	381	3	3	0.016	0.081	0.903
	382	2	2	0.189	0.484	0.326
	383	2	2	0.305	0.505	0.19	
	384	3	2	0.275	0.453	0.272
	385	3	3	0.004	0.047	0.949
	386	3	3	0.007	0.095	0.898
	387	1	2	0.118	0.448	0.434
	388	2	3	0.017	0.102	0.881
	389	1	2	0.301	0.472	0.227
	390	3	3	0.001	0.013	0.987
	391	3	3	0.001	0.02	0.979
	392	3	3	0.002	0.031	0.967
	393	3	3	0.001	0.016	0.983
	394	3	3	0.041	0.171	0.788
	395	3	3	0.023	0.127	0.85	
	396	3	3	0.001	0.012	0.987
	397	3	3	0.002	0.029	0.97	
	398	3	3	0.001	0.012	0.987
	399	3	3	0.002	0.031	0.967
	400	3	3	0.002	0.035	0.963
	401	3	3	0.003	0.038	0.959
	402	3	3	0.001	0.013	0.987
	403	3	3	0.001	0.013	0.986
	404	3	3	0.001	0.027	0.971
	405	3	3	0.001	0.018	0.981
	406	3	3	0.001	0.013	0.987
	407	3	3	0.089	0.429	0.481
	408	3	3	0.041	0.187	0.772
	409	3	3	0.038	0.226	0.736
	410	3	3	0.024	0.158	0.817
	411	3	3	0.006	0.061	0.933
	412	3	3	0.007	0.088	0.905
	413	3	3	0.103	0.274	0.624
	414	3	3	0.035	0.187	0.778
	415	3	3	0.007	0.056	0.938
	416	1	1	0.662	0.29	0.049
	417	3	3	0.002	0.029	0.969
	418	3	3	0.001	0.013	0.986
	419	3	3	0.017	0.119	0.864
	420	3	3	0.001	0.015	0.984
	421	3	3	0.002	0.042	0.956
	422	3	3	0.002	0.023	0.975
	423	2	2	0.429	0.445	0.126
	424	3	3	0.001	0.017	0.982
	425	3	3	0.001	0.013	0.986
	426	3	3	0.001	0.024	0.975
	427	3	3	0.001	0.02	0.979
	428	3	3	0.014	0.116	0.87	
	429	2	3	0.034	0.196	0.77	
	430	2	3	0.044	0.228	0.728
	431	2	3	0.058	0.388	0.554
	432	3	3	0.003	0.031	0.966
	433	1	2	0.157	0.538	0.305
	434	2	3	0.077	0.248	0.675
	435	3	3	0.009	0.085	0.907
	436	3	3	0.002	0.035	0.963
	437	3	3	0.008	0.066	0.926
	438	3	3	0.041	0.243	0.715
	439	3	3	0.056	0.255	0.689
	440	3	3	0	0.006	0.994
	441	3	3	0.001	0.017	0.983
	442	3	3	0.006	0.062	0.932
	443	3	3	0.005	0.044	0.952
	444	3	3	0.013	0.088	0.899
	445	3	3	0.007	0.072	0.921
	446	2	2	0.234	0.512	0.253
	447	3	3	0.001	0.01	0.989
	448	3	3	0.001	0.016	0.982
	449	3	3	0.001	0.019	0.979
	450	3	3	0.001	0.012	0.988
	451	3	3	0.001	0.012	0.987
	452	3	3	0.003	0.041	0.956
	453	3	3	0.001	0.012	0.988
	454	3	3	0.001	0.012	0.988
	455	3	3	0.001	0.019	0.979
	456	3	3	0.001	0.015	0.984
	457	3	3	0.001	0.012	0.988
	458	3	3	0.001	0.013	0.986
	459	3	3	0.001	0.013	0.986
	460	3	3	0.001	0.017	0.982
	461	3	3	0.001	0.012	0.987
	462	2	3	0.06	0.238	0.702
	463	3	3	0.004	0.045	0.951
	464	3	3	0.02	0.117	0.863
	465	3	3	0.001	0.021	0.978
	466	3	3	0.128	0.357	0.514
	467	3	3	0.018	0.126	0.856
	468	1	2	0.399	0.414	0.187
	469	3	3	0	0.008	0.991
	470	3	3	0.001	0.014	0.986
	471	3	3	0.001	0.026	0.973
	472	3	3	0.001	0.012	0.987
	473	1	2	0.35	0.533	0.117
	474	3	3	0.001	0.013	0.986
	475	3	3	0.001	0.014	0.985
	476	3	3	0.001	0.015	0.984
	477	3	3	0.002	0.02	0.979
	478	2	3	0.063	0.276	0.661
	479	3	3	0.002	0.02	0.979
	480	3	3	0.002	0.04	0.958
	481	3	3	0.015	0.11	0.875
	482	3	3	0.006	0.072	0.923
	483	3	3	0.007	0.055	0.938
	484	3	3	0.004	0.041	0.956
	485	3	3	0.003	0.028	0.97	
	486	3	3	0.031	0.203	0.766
	487	3	3	0.005	0.051	0.944
	488	3	3	0	0.007	0.993
	489	3	3	0.054	0.13	0.816
	490	3	3	0.001	0.02	0.978
	491	1	1	0.438	0.391	0.171
	492	1	2	0.326	0.464	0.21	
	493	3	3	0.006	0.061	0.933
	494	3	2	0.161	0.466	0.373
	495	1	1	0.677	0.284	0.039
	496	2	2	0.231	0.451	0.318
	497	1	2	0.357	0.484	0.159
	498	3	3	0.01	0.083	0.907
	499	3	2	0.407	0.539	0.053
	500	3	3	0.007	0.077	0.915
	501	3	3	0.093	0.4	0.507
	502	3	3	0.017	0.182	0.8	
	503	3	3	0.043	0.192	0.765
	504	3	3	0	0.002	0.998
	505	2	3	0.001	0.008	0.991
	506	2	2	0.25	0.544	0.206
	507	3	3	0.035	0.21	0.756
	508	2	1	0.513	0.395	0.093
	509	1	2	0.241	0.457	0.302
	510	2	1	0.772	0.216	0.012
	511	3	3	0.001	0.036	0.963
	512	3	3	0.022	0.147	0.831
	513	3	3	0.001	0.028	0.971
	514	1	3	0.234	0.383	0.383
	515	1	1	0.638	0.295	0.066
	516	3	3	0.007	0.062	0.931
	517	3	2	0.254	0.476	0.27	
	518	3	3	0.046	0.194	0.759
	519	3	3	0.001	0.018	0.981
	520	3	3	0.02	0.094	0.886
	521	3	3	0.001	0.033	0.965
	522	3	3	0.001	0.013	0.986
	523	3	3	0.001	0.011	0.989
	524	3	3	0.009	0.069	0.922
	525	3	3	0.014	0.111	0.875
	526	3	3	0.001	0.017	0.982
	527	3	3	0.007	0.056	0.938
	528	3	3	0.001	0.012	0.988
	529	2	3	0.096	0.447	0.457
	530	1	2	0.294	0.556	0.15	
	531	3	2	0.304	0.506	0.19	
	532	3	3	0.002	0.024	0.974
	533	3	3	0.023	0.133	0.845
	534	3	3	0.002	0.025	0.973
	535	1	2	0.239	0.461	0.3	
	536	3	3	0.014	0.122	0.864
	537	3	2	0.206	0.507	0.287
	538	3	3	0.088	0.304	0.608
	539	1	2	0.377	0.477	0.146
	540	2	3	0.062	0.27	0.667
	541	3	1	0.802	0.189	0.009
	542	3	3	0.074	0.384	0.541
	543	2	3	0.071	0.271	0.658
	544	2	3	0.064	0.321	0.615
	545	3	3	0.02	0.163	0.817
	546	3	3	0.016	0.128	0.855
	547	3	2	0.176	0.504	0.32	
	548	3	3	0.05	0.331	0.619
	549	3	3	0.074	0.294	0.631
	550	3	3	0.012	0.094	0.895
	551	3	3	0.001	0.009	0.991
	552	3	3	0.001	0.013	0.986
	553	3	2	0.207	0.492	0.3	
	554	3	3	0.012	0.108	0.88	
	555	3	3	0.009	0.096	0.895
	556	2	3	0.042	0.177	0.781
	557	2	3	0.003	0.037	0.961
	558	3	3	0.009	0.078	0.914
	559	3	3	0.002	0.02	0.979
	560	3	3	0.063	0.163	0.775
	561	2	2	0.389	0.422	0.189
	562	3	3	0.001	0.017	0.981
	563	2	3	0.047	0.191	0.762
	564	1	2	0.212	0.492	0.297
	565	3	3	0	0.012	0.987
	566	3	3	0	0.006	0.994
	567	2	3	0	0.006	0.994
	568	3	3	0	0.007	0.992
	569	3	3	0	0.007	0.993
	570	3	3	0.006	0.071	0.923
	571	3	3	0	0.007	0.992
	572	3	3	0.001	0.016	0.983
	573	3	3	0.001	0.02	0.979
	574	3	3	0.001	0.015	0.984
	575	3	3	0.001	0.012	0.987
	576	3	3	0.096	0.265	0.639
	577	3	3	0.001	0.011	0.988
	578	3	3	0.001	0.011	0.988
	579	3	3	0	0.009	0.991
	580	3	3	0	0.007	0.993
	581	3	3	0	0.009	0.991
	582	3	3	0.001	0.015	0.985
	583	3	3	0	0.007	0.993
	584	3	3	0	0.006	0.994
	585	2	3	0.17	0.315	0.515
	586	3	3	0.001	0.016	0.984
	587	3	3	0.001	0.011	0.988
	588	3	3	0.001	0.016	0.984
	589	3	3	0.001	0.013	0.986
	590	3	3	0.001	0.018	0.982
	591	3	3	0.001	0.013	0.987
	592	3	3	0.001	0.025	0.975
	593	3	3	0.001	0.012	0.988
	594	3	3	0.002	0.024	0.974
	595	3	3	0.002	0.027	0.971
	596	3	3	0	0.01	0.989
	597	3	3	0.001	0.013	0.986
	598	3	3	0	0.007	0.993
	599	3	3	0.001	0.012	0.988
	600	3	3	0	0.01	0.989
	601	3	3	0.001	0.019	0.98	
	602	3	3	0.001	0.013	0.987
	603	3	3	0.004	0.058	0.938
	604	3	3	0.001	0.013	0.986
	605	3	3	0.006	0.064	0.931
	606	1	1	0.454	0.388	0.158
	607	3	3	0.063	0.347	0.589
	608	3	3	0.008	0.105	0.886
	609	3	3	0.008	0.107	0.885
	610	3	3	0.06	0.399	0.541
	611	2	3	0.018	0.117	0.865
	612	2	2	0.261	0.505	0.234
	613	3	3	0.056	0.339	0.605
	614	3	3	0.005	0.045	0.951
	615	1	1	0.751	0.216	0.034
	616	3	3	0.002	0.026	0.972
	617	3	3	0.049	0.207	0.744
	618	1	1	0.71	0.252	0.038
	619	3	3	0.009	0.091	0.9	
	620	2	2	0.112	0.483	0.405
	621	3	3	0.003	0.042	0.955
	622	3	3	0.016	0.108	0.875
	623	3	3	0.307	0.32	0.373
	624	3	3	0.002	0.031	0.967
	625	3	3	0.005	0.046	0.95	
	626	3	3	0.029	0.159	0.812
	627	3	3	0.008	0.079	0.913
	628	3	3	0.011	0.116	0.873
	629	3	3	0.006	0.068	0.926
	630	3	3	0.009	0.077	0.914
	631	3	3	0.037	0.295	0.667
	632	3	3	0.006	0.052	0.941
	633	2	2	0.267	0.403	0.33	
	634	2	1	0.428	0.416	0.156
	635	3	3	0.004	0.05	0.946
	636	3	3	0.002	0.023	0.975
	637	3	3	0.002	0.023	0.975
	638	3	3	0.002	0.024	0.974
	639	2	3	0.095	0.33	0.576
	640	1	2	0.172	0.441	0.387
	641	2	3	0.062	0.385	0.553
	642	3	3	0.001	0.018	0.98	
	643	2	3	0.07	0.369	0.562
	644	3	3	0.003	0.034	0.963
	645	2	3	0.008	0.104	0.888
	646	3	3	0.033	0.15	0.817
	647	1	3	0.054	0.362	0.584
	648	3	2	0.124	0.452	0.424
	649	2	3	0.107	0.374	0.52	
	650	1	3	0.025	0.132	0.843
	651	3	2	0.342	0.459	0.199
	652	2	3	0.064	0.252	0.684
	653	3	3	0.009	0.061	0.93	
	654	2	3	0.136	0.387	0.477
	655	1	1	0.612	0.337	0.051
	656	2	3	0.169	0.385	0.446
	657	3	3	0.081	0.275	0.644
	658	1	1	0.689	0.251	0.06	
	659	3	3	0.01	0.09	0.9	
	660	3	3	0.001	0.02	0.979
	661	3	3	0.018	0.115	0.867
	662	3	3	0.115	0.34	0.546
	663	3	3	0.018	0.134	0.848
	664	3	3	0.001	0.015	0.984
	665	2	3	0.027	0.188	0.785
	666	3	3	0.002	0.027	0.971
	667	3	3	0.043	0.151	0.806
	668	1	1	0.784	0.184	0.032
	669	3	3	0	0.008	0.991
	670	3	3	0.001	0.018	0.981
	671	3	3	0	0.008	0.991
	672	3	3	0.001	0.009	0.99	
	673	3	3	0.007	0.076	0.916
	674	1	1	0.648	0.292	0.06	
	675	2	3	0.09	0.25	0.66	
	676	3	2	0.182	0.416	0.403
	677	2	3	0.124	0.376	0.499
	678	2	2	0.184	0.483	0.333
	679	3	3	0.026	0.178	0.796
	680	3	1	0.695	0.284	0.021
	681	2	2	0.263	0.445	0.292
	682	3	3	0.001	0.022	0.977
	683	3	3	0.067	0.184	0.749
	684	3	3	0.017	0.095	0.888
	685	3	3	0.003	0.03	0.967
	686	3	3	0.007	0.086	0.907
	687	3	3	0.004	0.046	0.95	
	688	3	3	0.03	0.181	0.789
	689	3	3	0.034	0.156	0.81	
	690	2	2	0.181	0.547	0.273
	691	3	3	0.019	0.138	0.843
	692	3	3	0.002	0.022	0.976
	693	3	3	0.001	0.017	0.981
	694	3	3	0.056	0.214	0.731
	695	2	2	0.149	0.475	0.376
	696	3	3	0.027	0.143	0.83	
	697	3	3	0.054	0.231	0.715
	698	1	2	0.309	0.502	0.189
	699	3	3	0.144	0.272	0.584
	700	3	3	0.003	0.042	0.955
	701	2	3	0.059	0.19	0.751
	702	3	3	0.001	0.013	0.987
	703	2	2	0.357	0.484	0.159
	704	2	2	0.397	0.494	0.109
	705	3	3	0.002	0.027	0.971
	706	1	2	0.37	0.439	0.19	
	707	3	3	0.002	0.02	0.979
	708	3	3	0.003	0.05	0.947
	709	3	3	0.013	0.102	0.886
	710	1	2	0.228	0.5	0.272
	711	3	2	0.239	0.546	0.214
	712	3	3	0.001	0.019	0.979
	713	2	3	0.215	0.382	0.404
	714	3	3	0.002	0.027	0.97	
	715	3	3	0.01	0.083	0.907
	716	2	3	0.011	0.078	0.91	
	717	3	3	0.04	0.213	0.747
	718	3	3	0.002	0.024	0.974
	719	3	3	0.001	0.026	0.973
	720	3	2	0.33	0.496	0.174
	721	3	3	0.002	0.021	0.977
	722	3	3	0.003	0.046	0.951
	723	3	3	0.014	0.082	0.904
	724	3	3	0.004	0.049	0.947
	725	3	3	0.033	0.21	0.757
	726	3	3	0	0.015	0.985
	727	3	2	0.128	0.474	0.398
	728	3	3	0.048	0.189	0.763
	729	3	3	0.005	0.045	0.949
	730	3	3	0.012	0.102	0.886
	731	3	3	0.003	0.039	0.959
	732	3	3	0.07	0.265	0.665
	733	2	3	0.133	0.346	0.522
	734	2	3	0.129	0.339	0.532
	735	2	3	0.006	0.071	0.923
	736	2	3	0.039	0.189	0.773
	737	3	3	0.039	0.172	0.79	
	738	3	3	0.005	0.059	0.935
	739	2	2	0.319	0.447	0.234
	740	3	3	0.004	0.04	0.955
	741	3	3	0.006	0.045	0.95	
	742	3	3	0.007	0.085	0.907
	743	3	3	0	0.014	0.986
	744	3	3	0	0.013	0.986
	745	3	3	0.041	0.189	0.77	
	746	2	2	0.353	0.551	0.095
	747	3	3	0.021	0.214	0.765
	748	3	3	0.001	0.028	0.97	
	749	3	3	0.001	0.014	0.985
	750	3	3	0.001	0.025	0.973
	751	3	3	0.025	0.171	0.804
	752	3	3	0.023	0.14	0.837
	753	2	2	0.302	0.528	0.17	
	754	2	3	0.092	0.306	0.602
	755	3	3	0.036	0.275	0.689
	756	1	1	0.642	0.315	0.043
	757	2	3	0.026	0.154	0.82	
	758	3	3	0.038	0.161	0.801
	759	3	3	0.014	0.159	0.827
	760	3	3	0.007	0.051	0.942
	761	3	3	0.001	0.013	0.986
	762	3	3	0.002	0.036	0.962
	763	3	3	0.008	0.061	0.931
	764	3	3	0.001	0.013	0.986
	765	3	3	0.003	0.051	0.945
	766	3	3	0.001	0.022	0.977
	767	3	3	0.001	0.013	0.987
	768	3	3	0.001	0.027	0.971
	769	3	3	0.001	0.016	0.983
	770	3	3	0.014	0.086	0.9	
	771	3	3	0.001	0.021	0.978
	772	3	3	0	0.009	0.991
	773	3	3	0.005	0.052	0.943
	774	3	3	0.009	0.064	0.927
	775	3	3	0.004	0.036	0.961
	776	3	3	0.012	0.12	0.868
	777	3	3	0.005	0.062	0.933
	778	3	3	0.008	0.07	0.922
	779	1	1	0.702	0.252	0.046
	780	3	3	0.004	0.052	0.944
	781	3	3	0.002	0.026	0.971
	782	3	3	0.041	0.206	0.753
	783	3	3	0.001	0.011	0.989
	784	3	3	0.001	0.015	0.984
	785	3	3	0.004	0.042	0.954
	786	3	3	0.003	0.04	0.957
	787	3	3	0.003	0.031	0.966
	788	3	3	0.007	0.054	0.939
	789	3	3	0.137	0.324	0.539
	790	3	3	0.005	0.049	0.946
	791	3	3	0.001	0.014	0.985
	792	3	3	0.006	0.052	0.942
	793	3	3	0.04	0.197	0.763
	794	3	3	0.009	0.08	0.911
	795	2	3	0.049	0.204	0.746
	796	3	3	0.002	0.044	0.954
	797	3	3	0.006	0.053	0.941
	798	2	2	0.332	0.45	0.218
	799	3	3	0.062	0.242	0.696
	800	3	3	0.003	0.038	0.959
	801	3	3	0.003	0.047	0.95	
	802	2	3	0.231	0.375	0.394
	803	3	3	0.001	0.016	0.983
	804	3	3	0.001	0.016	0.983
	805	3	3	0.039	0.269	0.692
	806	2	3	0.019	0.141	0.839
	807	3	3	0.04	0.204	0.757
	808	2	3	0.039	0.25	0.71	
	809	3	3	0.119	0.353	0.528
	810	3	3	0.009	0.074	0.917
	811	3	3	0.007	0.073	0.92	
	812	3	3	0.005	0.043	0.951
	813	3	3	0.046	0.353	0.601
	814	3	3	0.027	0.146	0.827
	815	2	3	0.103	0.298	0.599
	816	3	3	0.004	0.032	0.964
	817	3	3	0.003	0.031	0.966
	818	3	3	0.006	0.052	0.943
	819	3	3	0.005	0.046	0.949
	820	3	3	0.004	0.046	0.95	
	821	2	3	0.005	0.061	0.935
	822	3	3	0.1	0.436	0.464
	823	2	2	0.238	0.565	0.197
	824	3	3	0.037	0.31	0.653
	825	3	3	0.017	0.102	0.881
	826	2	2	0.211	0.442	0.347
	827	3	3	0.003	0.034	0.962
	828	3	3	0.008	0.083	0.909
	829	2	3	0.011	0.183	0.807
	830	3	3	0.012	0.082	0.905
	831	2	3	0.122	0.359	0.52	
	832	3	3	0.039	0.211	0.75	
	833	3	3	0.073	0.263	0.664
	834	3	3	0.143	0.338	0.518
	835	3	3	0.03	0.206	0.764
	836	3	3	0	0.006	0.993
	837	3	3	0	0.01	0.989
	838	3	3	0.146	0.414	0.44	
	839	3	3	0.035	0.167	0.798
	840	3	3	0.035	0.167	0.799
	841	1	3	0.083	0.351	0.566
	842	3	3	0.006	0.073	0.921
	843	3	3	0.023	0.181	0.796
	844	2	3	0.076	0.413	0.51	
	845	2	3	0.113	0.432	0.455
	846	1	3	0.1	0.425	0.475
	847	3	3	0.017	0.131	0.852
	848	3	3	0.205	0.345	0.449
	849	3	3	0.009	0.065	0.926
	850	3	3	0.008	0.064	0.928
	851	3	3	0.008	0.063	0.929
	852	3	3	0.028	0.161	0.811
	853	2	1	0.601	0.318	0.081
	854	3	3	0.003	0.032	0.965
	855	2	3	0.02	0.118	0.862
	856	1	2	0.385	0.432	0.182
	857	3	3	0.183	0.402	0.415
	858	3	3	0.005	0.048	0.947
	859	2	3	0.028	0.152	0.82	
	860	3	3	0.001	0.013	0.986
	861	3	3	0.001	0.013	0.986
	862	3	3	0.005	0.047	0.949
	863	3	3	0.001	0.013	0.986
	864	3	3	0.001	0.027	0.972
	865	3	3	0.002	0.02	0.978
	866	1	1	0.557	0.347	0.096
	867	2	1	0.594	0.308	0.098
	868	3	3	0.002	0.027	0.971
	869	3	3	0.002	0.021	0.977
	870	3	3	0.003	0.029	0.968
	871	3	3	0.002	0.021	0.978
	872	3	3	0.002	0.022	0.977
	873	3	3	0.002	0.024	0.974
	874	3	3	0.039	0.163	0.798
	875	2	3	0.04	0.162	0.797
	876	2	2	0.236	0.428	0.336
	877	3	3	0.001	0.012	0.987
	878	3	3	0.156	0.333	0.511
	879	3	3	0.001	0.025	0.974
	880	3	3	0.169	0.414	0.418
	881	3	3	0.007	0.104	0.889
	882	2	3	0.16	0.365	0.475
	883	3	3	0.016	0.134	0.85	
	884	3	3	0.009	0.06	0.931
	885	3	3	0.012	0.114	0.874
	886	3	3	0.04	0.173	0.787
	887	3	3	0	0.012	0.988
	888	3	3	0.006	0.089	0.905
	889	3	3	0.018	0.116	0.866
	890	3	3	0.002	0.023	0.976
	891	3	3	0.002	0.024	0.974
	892	3	3	0.107	0.389	0.504
	893	1	2	0.273	0.457	0.27	
	894	3	3	0.013	0.077	0.91	
	895	1	2	0.292	0.532	0.176
	896	3	3	0.004	0.042	0.954
	897	3	3	0.007	0.059	0.933
	898	3	3	0.001	0.021	0.978
	899	3	3	0.001	0.02	0.979
	900	3	3	0.1	0.398	0.502
	901	3	3	0.025	0.134	0.841
	902	3	3	0.002	0.036	0.962
	903	3	3	0.001	0.025	0.974
	904	3	3	0.006	0.058	0.936
	905	3	3	0.02	0.14	0.841
	906	1	2	0.174	0.418	0.408
	907	2	1	0.501	0.32	0.179
	908	3	3	0.002	0.028	0.97	
	909	3	3	0.001	0.012	0.987
	910	3	3	0.002	0.034	0.964
	911	3	3	0.002	0.024	0.974
	912	1	3	0.09	0.284	0.625
	913	3	3	0.007	0.077	0.915
	914	3	3	0.002	0.03	0.968
	915	2	3	0.104	0.302	0.594
	916	3	3	0.003	0.029	0.969
	917	2	1	0.514	0.326	0.16	
	918	3	3	0.002	0.024	0.974
	919	3	3	0.003	0.051	0.945
	920	3	2	0.328	0.496	0.175
	921	2	3	0.021	0.246	0.733
	922	1	3	0.145	0.409	0.446
	923	1	1	0.465	0.427	0.108
	924	3	3	0.002	0.023	0.975
	925	3	3	0.001	0.016	0.982
	926	3	3	0.069	0.197	0.734
	927	3	3	0.009	0.07	0.922
	928	3	3	0	0.006	0.994
	929	3	3	0.008	0.054	0.938
	930	1	2	0.19	0.507	0.303
	931	3	3	0.014	0.115	0.871
	932	3	3	0.026	0.157	0.817
	933	3	3	0.002	0.021	0.977
	934	3	3	0.011	0.095	0.894
	935	3	3	0.002	0.026	0.972
	936	3	2	0.284	0.394	0.323
	937	3	3	0.002	0.029	0.969
	938	3	3	0.028	0.134	0.838
	939	3	3	0.013	0.094	0.893
	940	3	3	0.003	0.033	0.965
	941	2	3	0.005	0.066	0.929
	942	3	3	0.009	0.067	0.924
	943	3	3	0.009	0.182	0.809
	944	3	3	0.004	0.063	0.933
	945	3	3	0.002	0.029	0.969
	946	3	3	0.003	0.034	0.963
	947	3	3	0.002	0.033	0.965
	948	3	3	0.002	0.034	0.963
	949	3	3	0.002	0.023	0.976
	950	1	1	0.503	0.403	0.093
	951	1	1	0.415	0.411	0.174
	952	3	3	0.031	0.192	0.777
	953	2	3	0.044	0.193	0.763
	954	3	3	0.038	0.382	0.58	
	955	2	2	0.097	0.462	0.441
	956	3	3	0.011	0.068	0.921
	957	3	3	0.012	0.09	0.899
	958	3	3	0.028	0.265	0.707
	959	3	3	0.002	0.026	0.972
	960	3	3	0.011	0.071	0.918
	961	2	1	0.696	0.272	0.032
	962	3	3	0.017	0.095	0.888
	963	3	3	0.019	0.124	0.857
	964	2	2	0.419	0.486	0.095
	965	2	2	0.223	0.522	0.255
	966	3	3	0.005	0.042	0.954
	967	3	3	0.004	0.041	0.954
	968	3	3	0.018	0.131	0.851
	969	3	3	0.088	0.299	0.613
	970	3	3	0.02	0.113	0.867
	971	3	3	0.047	0.24	0.713
	972	3	3	0.023	0.138	0.839
	973	3	3	0.021	0.211	0.769
	974	3	3	0.026	0.124	0.85	
	975	3	3	0.005	0.04	0.955
	976	3	3	0.003	0.032	0.966
	977	3	3	0.003	0.035	0.962
	978	3	3	0.004	0.035	0.961
	979	3	3	0.004	0.049	0.946
	980	3	3	0.017	0.221	0.762
	981	3	3	0.004	0.036	0.96	
	982	3	3	0.005	0.05	0.946
	983	3	3	0.003	0.035	0.962
	984	3	3	0.074	0.237	0.688
	985	3	3	0.004	0.036	0.96	
	986	3	3	0.005	0.054	0.941
	987	3	3	0.004	0.035	0.961
	988	3	3	0.012	0.083	0.905
	989	3	3	0.014	0.12	0.865
	990	3	3	0.059	0.379	0.563
	991	3	3	0.024	0.161	0.815
	992	3	3	0.062	0.36	0.578
	993	3	1	0.577	0.336	0.087
	994	3	3	0.005	0.06	0.934
	995	3	3	0.008	0.097	0.896
	996	3	3	0.107	0.35	0.543
	997	3	3	0.001	0.019	0.98	
	998	3	3	0	0.006	0.994
	999	3	3	0.004	0.043	0.953
	1000	1	1	0.76	0.198	0.042
	1001	3	3	0.001	0.017	0.982
	1002	3	3	0	0.006	0.994
	1003	3	3	0.203	0.344	0.452
	1004	3	3	0	0.005	0.995
	1005	3	3	0	0.006	0.994
	1006	3	3	0.004	0.041	0.955
	1007	3	3	0.018	0.102	0.88	
	1008	3	3	0	0.007	0.993
	1009	3	3	0	0.007	0.993
	1010	3	3	0	0.006	0.994
	1011	3	3	0	0.006	0.994
	1012	3	3	0	0.007	0.993
	1013	3	3	0	0.011	0.989
	1014	3	3	0.002	0.03	0.967
	1015	3	3	0	0.011	0.989
	1016	3	3	0.004	0.042	0.954
	1017	3	3	0	0.007	0.993
	1018	3	3	0.001	0.022	0.977
	1019	3	3	0.009	0.079	0.912
	1020	3	3	0.009	0.063	0.928
	1021	3	3	0.007	0.056	0.937
	1022	3	3	0.043	0.239	0.718
	1023	3	3	0.004	0.041	0.955
	1024	3	3	0.002	0.034	0.964
	1025	3	3	0.004	0.046	0.951
	1026	2	3	0.071	0.239	0.689
	1027	3	3	0.001	0.017	0.982
	1028	3	3	0.002	0.024	0.974
	1029	3	3	0.003	0.049	0.948
	1030	3	3	0.004	0.056	0.941
	1031	3	3	0.003	0.03	0.967
	1032	3	3	0.004	0.039	0.958
	1033	3	3	0.002	0.027	0.97	
	1034	3	3	0.131	0.425	0.444
	1035	3	3	0.04	0.224	0.736
	1036	3	3	0.003	0.029	0.969
	1037	3	3	0.004	0.054	0.942
	1038	3	2	0.373	0.447	0.18	
	1039	3	3	0.025	0.14	0.835
	1040	2	3	0.004	0.056	0.941
	1041	2	2	0.115	0.453	0.431
	1042	3	3	0.013	0.079	0.909
	1043	2	1	0.451	0.405	0.144
	1044	2	3	0.187	0.345	0.469
	1045	3	3	0	0.006	0.994
	1046	3	3	0	0.006	0.994
	1047	3	3	0	0.008	0.991
	1048	3	3	0.003	0.032	0.966
	1049	2	2	0.26	0.418	0.322
	1050	3	3	0	0.006	0.993
	1051	3	3	0.01	0.094	0.895
	1052	3	3	0.01	0.071	0.919
	1053	2	3	0.135	0.397	0.468
	1054	3	2	0.305	0.551	0.144
	1055	2	2	0.172	0.506	0.323
	1056	2	1	0.498	0.328	0.173
	1057	3	3	0.002	0.02	0.978
	1058	3	3	0.003	0.045	0.952
	1059	2	3	0.101	0.259	0.64	
	1060	3	3	0.001	0.017	0.982
	1061	3	3	0.001	0.016	0.983
	1062	3	3	0.001	0.014	0.985
	1063	3	3	0.001	0.013	0.986
	1064	3	3	0.001	0.024	0.975
	1065	3	3	0.001	0.019	0.98	
	1066	3	3	0.001	0.019	0.98	
	1067	3	3	0.001	0.011	0.989
	1068	3	3	0.004	0.048	0.947
	1069	3	3	0.01	0.08	0.91	
	1070	3	3	0.03	0.163	0.807
	1071	3	3	0.003	0.035	0.962
	1072	3	3	0.018	0.128	0.854
	1073	3	3	0.003	0.035	0.962
	1074	3	3	0.004	0.035	0.961
	1075	3	3	0.008	0.085	0.907
	1076	3	3	0.003	0.034	0.962
	1077	3	3	0.004	0.035	0.961
	1078	3	3	0.097	0.35	0.552
	1079	3	3	0	0.009	0.99	
	1080	3	3	0	0.008	0.992
	1081	3	3	0	0.005	0.995
	1082	3	3	0	0.004	0.995
	1083	3	3	0.006	0.093	0.9	
	1084	3	3	0.005	0.066	0.928
	1085	2	3	0.019	0.099	0.882
	1086	3	3	0.004	0.051	0.945
	1087	3	3	0.006	0.102	0.891
	1088	3	3	0.003	0.03	0.967
	1089	3	3	0.008	0.067	0.926
	1090	3	3	0.009	0.081	0.91	
	1091	3	3	0.078	0.352	0.571
	1092	3	3	0.002	0.027	0.971
	1093	3	3	0.003	0.028	0.97	
	1094	3	3	0.004	0.051	0.945
	1095	3	3	0.003	0.028	0.97	
	1096	3	3	0.004	0.043	0.954
	1097	3	3	0.008	0.069	0.923
	1098	3	3	0.005	0.078	0.917
	1099	3	3	0.002	0.043	0.955
	1100	3	3	0.089	0.287	0.624
	1101	2	3	0.104	0.443	0.453
	1102	3	3	0.015	0.092	0.893
	1103	3	2	0.362	0.421	0.218
	1104	2	3	0.008	0.076	0.916
	1105	2	3	0.036	0.244	0.719
	1106	3	3	0	0.002	0.998
	1107	3	3	0	0.003	0.997
	1108	3	3	0	0.001	0.999
	1109	3	3	0	0.005	0.995
	1110	1	2	0.337	0.493	0.17	
	1111	1	3	0.118	0.268	0.613
	1112	3	3	0.001	0.013	0.986
	1113	3	3	0	0.003	0.997
	1114	3	3	0	0.006	0.994
	1115	3	3	0	0.004	0.996
	1116	3	3	0	0.014	0.986
	1117	3	3	0	0.002	0.997
	1118	3	3	0	0.002	0.998
	1119	3	3	0	0.003	0.997
	1120	3	3	0.001	0.015	0.984
	1121	3	3	0.016	0.103	0.881
	1122	3	3	0.009	0.076	0.915
	1123	2	3	0.048	0.276	0.677
	1124	2	2	0.23	0.479	0.291
	1125	3	3	0.082	0.375	0.543